YEAR MO DY swv_dwn  avg_kt clr_sky clr_dif clr_dnr  clr_kt lwv_dwn toa_dwn    T10M      Q10M   RH10M  DFP10M   T10MC
2004 01 01    3.88    0.45    6.22    0.96    8.85    0.72   10.02    8.59   24.50  0.016600   81.79   21.23   21.00
2004 01 02    3.87    0.45    6.16    0.99    8.70    0.72    9.90    8.60   25.09  0.016912   80.32   21.52   21.59
2004 01 03    5.58    0.65    6.35    0.93    9.10    0.74    9.43    8.62   24.79  0.015851   76.56   20.47   21.29
2004 01 04    4.95    0.57    6.37    0.93    9.13    0.74    9.28    8.63   24.35  0.015354   76.09   19.95   20.85
2004 01 05    4.53    0.52    6.18    0.99    8.70    0.72    9.52    8.64   24.35  0.016896   83.76   21.46   20.85
2004 01 06    4.43    0.51    6.20    0.99    8.72    0.72    9.81    8.65   24.12  0.016909   85.05   21.47   20.62
2004 01 07    5.24    0.60    6.29    0.97    8.90    0.73    9.45    8.67   24.29  0.016877   84.04   21.45   20.79
2004 01 08    4.79    0.55    6.34    0.96    8.99    0.73    9.73    8.68   23.99  0.016834   85.41   21.41   20.49
2004 01 09    4.40    0.51    6.20    1.01    8.66    0.71    9.79    8.70   24.16  0.016637   83.49   21.22   20.66
2004 01 10    5.20    0.60    6.25    1.00    8.75    0.72    9.50    8.71   24.21  0.015973   79.91   20.58   20.71
2004 01 11    4.83    0.55    6.27    1.00    8.77    0.72    9.76    8.73   24.31  0.017569   87.43   22.10   20.81
2004 01 12    4.91    0.56    6.32    0.99    8.85    0.72    9.68    8.75   24.84  0.017196   82.96   21.78   21.34
2004 01 13    4.99    0.57    6.36    0.98    8.92    0.73    9.66    8.77   24.75  0.015359   74.51   20.01   21.25
2004 01 14    3.77    0.43    6.37    0.98    8.92    0.73    9.57    8.78   23.62  0.016364   84.81   20.93   20.12
2004 01 15    4.32    0.49    6.37    0.99    8.89    0.72    9.79    8.80   23.78  0.017004   87.17   21.52   20.28
2004 01 16    4.56    0.52    6.35    1.00    8.82    0.72    9.78    8.82   24.01  0.016713   84.56   21.27   20.51
2004 01 17    5.11    0.58    6.51    0.96    9.14    0.74    9.47    8.84   23.06  0.016076   86.26   20.65   19.56
2004 01 18    5.11    0.58    6.58    0.95    9.26    0.74    9.21    8.87   23.88  0.015614   79.74   20.22   20.38
2004 01 19    5.80    0.65    6.64    0.93    9.36    0.75    9.08    8.89   24.12  0.015252   76.69   19.85   20.62
2004 01 20    6.03    0.68    6.65    0.94    9.35    0.75    9.07    8.91   24.32  0.015565   77.31   20.17   20.82
2004 01 21    4.79    0.54    6.49    1.00    8.97    0.73    9.70    8.93   23.71  0.015987   82.43   20.58   20.21
2004 01 22    5.24    0.58    6.63    0.96    9.24    0.74    9.49    8.96   24.34  0.015829   78.66   20.46   20.84
2004 01 23    5.25    0.58    6.60    0.98    9.14    0.73    9.66    8.98   24.22  0.015879   79.44   20.50   20.72
2004 01 24    4.97    0.55    6.06    1.13    8.00    0.67    9.41    9.00   24.20  0.015521   77.77   20.14   20.70
2004 01 25    4.19    0.46    6.73    0.95    9.36    0.75    9.70    9.03   24.91  0.014659   70.35   19.26   21.41
2004 01 26    3.52    0.39    6.68    0.98    9.21    0.74    9.71    9.05   23.37  0.016122   84.95   20.71   19.87
2004 01 27    5.21    0.57    6.72    0.97    9.26    0.74    9.54    9.08   23.46  0.015757   82.59   20.36   19.96
2004 01 28    5.41    0.59    6.84    0.94    9.49    0.75    9.41    9.10   24.21  0.014401   72.17   18.98   20.71
2004 01 29    6.05    0.66    6.88    0.94    9.54    0.75    9.22    9.13   24.90  0.014680   70.50   19.28   21.40
2004 01 30    5.97    0.65    6.83    0.96    9.39    0.75    9.19    9.16   25.56  0.015067   69.49   19.69   22.06
2004 01 31    6.31    0.69    6.88    0.95    9.46    0.75    9.01    9.18   25.55  0.014265   65.85   18.82   22.05
2004 02 01    5.97    0.65    6.62    1.05    8.87    0.72    9.35    9.21   25.35  0.015486   72.37   20.13   21.85
2004 02 02    5.92    0.64    6.90    0.97    9.42    0.75    9.55    9.24   25.84  0.016010   72.63   20.66   22.34
2004 02 03    6.22    0.67    6.93    0.97    9.45    0.75    9.27    9.26   25.32  0.014623   68.44   19.21   21.82
2004 02 04    3.47    0.37    6.75    1.04    9.04    0.73    9.41    9.29   24.99  0.015530   74.13   20.16   21.49
2004 02 05    3.65    0.39    6.66    1.07    8.81    0.71   10.02    9.32   25.23  0.015598   73.43   20.24   21.73
2004 02 06    5.83    0.62    6.96    0.99    9.40    0.74    9.66    9.35   25.91  0.015105   68.32   19.75   22.41
2004 02 07    6.23    0.66    7.03    0.97    9.51    0.75    9.11    9.37   25.12  0.014515   68.80   19.10   21.62
2004 02 08    5.45    0.58    6.92    1.02    9.24    0.74    9.43    9.40   24.82  0.015923   76.94   20.58   21.32
2004 02 09    4.67    0.50    6.83    1.06    9.01    0.72    9.67    9.43   24.39  0.016212   80.45   20.86   20.89
2004 02 10    5.47    0.58    7.06    0.99    9.45    0.75    9.51    9.46   25.07  0.014221   67.66   18.79   21.57
2004 02 11    7.04    0.74    7.17    0.96    9.65    0.76    8.93    9.48   25.94  0.013400   60.50   17.84   22.44
2004 02 12    5.46    0.57    7.10    1.00    9.46    0.75    9.82    9.51   26.63  0.014990   65.04   19.65   23.13
2004 02 13    5.57    0.58    7.05    1.03    9.32    0.74    9.34    9.54   25.51  0.015027   69.68   19.68   22.01
2004 02 14    6.51    0.68    7.19    0.99    9.57    0.75    9.25    9.57   26.50  0.014249   62.26   18.83   23.00
2004 02 15    6.07    0.63    7.17    1.00    9.49    0.75    9.40    9.59   26.18  0.015186   67.58   19.84   22.68
2004 02 16    6.28    0.65    7.19    1.01    9.49    0.75    9.41    9.62   25.59  0.016015   73.83   20.67   22.09
2004 02 17    5.44    0.56    7.22    1.01    9.51    0.75    9.63    9.65   24.81  0.016538   80.00   21.18   21.31
2004 02 18    6.08    0.63    7.15    1.04    9.33    0.74    9.51    9.68   26.28  0.015518   68.70   20.20   22.78
2004 02 19    5.59    0.58    7.09    1.07    9.18    0.73    9.49    9.70   25.70  0.015154   69.37   19.79   22.20
2004 02 20    5.45    0.56    7.16    1.06    9.28    0.74    9.58    9.73   25.80  0.015066   68.54   19.70   22.30
2004 02 21    5.68    0.58    7.17    1.06    9.26    0.73    9.49    9.76   25.74  0.014490   66.18   19.08   22.24
2004 02 22    5.85    0.60    7.18    1.07    9.25    0.73    9.80    9.78   25.74  0.014568   66.61   19.19   22.24
2004 02 23    5.86    0.60    7.15    1.09    9.15    0.73    9.66    9.81   24.60  0.014647   71.69   19.25   21.10
2004 02 24    5.31    0.54    7.25    1.06    9.32    0.74    9.49    9.83   25.36  0.014205   66.32   18.75   21.86
2004 02 25    6.62    0.67    7.24    1.08    9.26    0.73    9.14    9.86   25.97  0.014311   64.36   18.86   22.47
2004 02 26    6.44    0.65    7.27    1.08    9.29    0.74    9.44    9.89   26.74  0.015172   65.25   19.81   23.24
2004 02 27    6.89    0.70    7.36    1.05    9.44    0.74    9.22    9.91   26.55  0.015557   67.68   20.22   23.05
2004 02 28    5.46    0.55    7.11    1.14    8.91    0.72    9.76    9.94   25.64  0.016653   76.45   21.27   22.14
2004 02 29    3.09    0.31    7.13    1.14    8.92    0.72   10.19    9.96   25.61  0.016653   76.60   21.28   22.11
2004 03 01    5.37    0.54    7.39    1.07    9.40    0.74    9.71    9.98   25.33  0.015797   73.92   20.44   21.83
2004 03 02    5.69    0.57    7.63    0.99    9.84    0.76    9.47   10.01   25.60  0.014906   68.75   19.55   22.10
2004 03 03    6.04    0.60    7.50    1.05    9.55    0.75    9.48   10.03   25.79  0.015711   71.60   20.38   22.29
2004 03 04    4.74    0.47    7.55    1.04    9.62    0.75    9.80   10.05   24.84  0.016183   78.03   20.82   21.34
2004 03 05    6.06    0.60    7.46    1.08    9.41    0.74    9.60   10.08   24.45  0.016522   81.66   21.15   20.95
2004 03 06    6.51    0.64    7.40    1.11    9.26    0.73    9.68   10.10   25.33  0.015007   70.36   19.66   21.83
2004 03 07    6.81    0.67    7.39    1.12    9.22    0.73    9.73   10.12   24.92  0.013753   66.05   18.27   21.42
2004 03 08    6.35    0.63    7.55    1.07    9.50    0.74    9.37   10.14   25.26  0.014607   68.66   19.21   21.76
2004 03 09    5.68    0.56    7.34    1.15    9.07    0.72    9.62   10.16   25.99  0.016056   72.21   20.71   22.49
2004 03 10    6.22    0.61    7.56    1.08    9.46    0.74    9.76   10.18   26.19  0.016819   74.75   21.45   22.69
2004 03 11    6.17    0.60    7.62    1.07    9.56    0.75    9.68   10.20   26.12  0.016121   71.93   20.77   22.62
2004 03 12    5.71    0.56    7.53    1.11    9.35    0.74    9.53   10.22   25.51  0.015367   71.04   19.99   22.01
2004 03 13    6.55    0.64    7.70    1.06    9.66    0.75    9.48   10.24   25.61  0.015354   70.52   19.97   22.11
2004 03 14    6.12    0.60    7.71    1.06    9.65    0.75    9.57   10.26   26.15  0.016237   72.31   20.89   22.65
2004 03 15    6.39    0.62    7.77    1.04    9.75    0.76    9.41   10.27   25.51  0.014670   67.87   19.26   22.01
2004 03 16    6.74    0.66    7.67    1.08    9.53    0.75    9.27   10.29   25.55  0.015626   72.08   20.26   22.05
2004 03 17    5.85    0.57    7.57    1.12    9.32    0.73   10.12   10.31   26.24  0.015967   70.64   20.60   22.74
2004 03 18    6.72    0.65    7.85    1.03    9.84    0.76    9.33   10.32   26.05  0.014672   65.64   19.25   22.55
2004 03 19    7.22    0.70    7.83    1.05    9.78    0.76    9.31   10.34   25.43  0.015023   69.80   19.63   21.93
2004 03 20    6.22    0.60    7.82    1.05    9.74    0.76    9.39   10.35   23.93  0.015661   79.60   20.24   20.43
2004 03 21    6.08    0.59    7.80    1.07    9.68    0.75    9.39   10.37   25.16  0.015249   71.97   19.86   21.66
2004 03 22    5.96    0.57    7.78    1.08    9.62    0.75    9.63   10.38   25.12  0.015131   71.55   19.72   21.62
2004 03 23    5.98    0.58    7.71    1.11    9.47    0.74    9.57   10.40   25.41  0.015632   72.67   20.25   21.91
2004 03 24    5.53    0.53    7.66    1.13    9.36    0.74    9.60   10.41   25.20  0.016078   75.77   20.71   21.70
2004 03 25    5.33    0.51    7.76    1.10    9.53    0.74   10.05   10.42   24.48  0.015677   77.11   20.28   20.98
2004 03 26    5.85    0.56    7.68    1.13    9.37    0.74    9.69   10.43   24.40  0.015138   74.78   19.72   20.90
2004 03 27    6.47    0.62    7.87    1.07    9.71    0.75    9.57   10.45   25.33  0.014263   66.63   18.80   21.83
2004 03 28    7.09    0.68    7.91    1.06    9.78    0.76    9.26   10.46   24.59  0.014820   72.40   19.40   21.09
2004 03 29    5.52    0.53    7.55    1.19    9.08    0.72    9.49   10.47   23.44  0.016294   85.38   20.86   19.94
2004 03 30    5.40    0.52    7.54    1.19    9.05    0.72    9.68   10.48   23.85  0.016484   84.33   21.07   20.35
2004 03 31    5.72    0.55    7.60    1.18    9.15    0.72    9.43   10.49   25.15  0.016331   77.20   20.95   21.65
2004 04 01    5.32    0.51    7.68    1.15    9.29    0.73    9.61   10.49   24.74  0.017743   86.02   22.26   21.24
2004 04 02    5.62    0.54    7.24    1.28    8.48    0.69   10.13   10.50   25.03  0.017577   83.70   22.11   21.53
2004 04 03    5.16    0.49    7.64    1.17    9.20    0.73    9.86   10.51   25.04  0.017078   81.31   21.66   21.54
2004 04 04    4.90    0.47    7.35    1.26    8.66    0.70   10.12   10.52   25.10  0.017155   81.40   21.74   21.60
2004 04 05    6.70    0.64    7.78    1.13    9.45    0.74    9.80   10.52   25.79  0.017010   77.44   21.62   22.29
2004 04 06    6.23    0.59    7.66    1.17    9.22    0.73    9.91   10.53   26.23  0.017374   77.00   21.96   22.73
2004 04 07    6.60    0.63    7.11    1.32    8.22    0.67    9.91   10.54   25.41  0.017187   79.85   21.74   21.91
2004 04 08    7.26    0.69    7.93    1.08    9.72    0.75    9.73   10.54   26.61  0.016344   70.69   20.97   23.11
2004 04 09    6.83    0.65    7.72    1.16    9.31    0.73   10.13   10.55   26.28  0.017245   76.11   21.82   22.78
2004 04 10    6.12    0.58    7.69    1.17    9.25    0.73    9.81   10.55   25.68  0.017843   81.53   22.33   22.18
2004 04 11    5.67    0.54    7.59    1.20    9.06    0.72    9.90   10.55   24.78  0.017795   85.82   22.26   21.28
2004 04 12    5.34    0.51    7.61    1.20    9.10    0.72   10.06   10.56   24.62  0.016226   79.06   20.81   21.12
2004 04 13    5.20    0.49    7.72    1.16    9.30    0.73    9.61   10.56   25.50  0.016080   74.46   20.72   22.00
2004 04 14    5.83    0.55    7.67    1.18    9.21    0.73    9.75   10.56   25.22  0.016828   79.21   21.43   21.72
2004 04 15    5.20    0.49    7.58    1.21    9.04    0.72    9.95   10.56   24.60  0.016978   82.90   21.54   21.10
2004 04 16    5.85    0.55    7.50    1.23    8.89    0.71    9.71   10.56   25.21  0.015419   72.70   20.06   21.71
2004 04 17    5.22    0.49    7.77    1.15    9.39    0.74    9.64   10.57   24.23  0.016919   84.68   21.51   20.73
2004 04 18    5.01    0.47    7.42    1.25    8.75    0.70   10.06   10.57   24.73  0.017209   83.58   21.79   21.23
2004 04 19    5.12    0.48    7.47    1.24    8.84    0.71   10.12   10.57   24.88  0.017040   81.96   21.63   21.38
2004 04 20    3.88    0.37    7.50    1.23    8.90    0.71    9.78   10.57   25.28  0.017062   80.01   21.64   21.78
2004 04 21    1.58    0.15    7.17    1.32    8.31    0.68    9.95   10.57   24.59  0.017947   87.68   22.42   21.09
2004 04 22    4.40    0.42    7.34    1.28    8.61    0.69   10.01   10.57   25.17  0.018358   86.62   22.79   21.67
2004 04 23    4.97    0.47    7.64    1.19    9.16    0.72   10.00   10.56   25.36  0.017822   83.12   22.32   21.86
2004 04 24    4.96    0.47    7.69    1.17    9.26    0.73   10.03   10.56   24.50  0.017658   86.76   22.16   21.00
2004 04 25    5.45    0.52    7.67    1.18    9.23    0.73   10.13   10.56   24.30  0.017823   88.63   22.30   20.80
2004 04 26    5.00    0.47    7.94    1.09    9.74    0.75    9.99   10.56   25.07  0.017026   80.91   21.61   21.57
2004 04 27    5.12    0.48    7.52    1.22    8.96    0.71    9.62   10.56   25.06  0.017325   82.39   21.89   21.56
2004 04 28    5.92    0.56    7.81    1.13    9.51    0.74   10.06   10.55   24.91  0.017415   83.67   21.99   21.41
2004 04 29    5.69    0.54    7.52    1.22    8.97    0.71    9.87   10.55   25.01  0.017234   82.24   21.81   21.51
2004 04 30    4.82    0.46    7.68    1.17    9.27    0.73    9.69   10.55   24.27  0.017211   85.71   21.74   20.77
2004 05 01    5.32    0.50    7.57    1.20    9.08    0.72    9.87   10.54   24.45  0.017190   84.66   21.72   20.95
2004 05 02    4.60    0.44    7.57    1.20    9.08    0.72   10.09   10.54   25.10  0.016969   80.37   21.54   21.60
2004 05 03    5.73    0.54    7.75    1.14    9.43    0.74    9.98   10.53   24.98  0.017815   85.03   22.31   21.48
2004 05 04    5.41    0.51    7.54    1.21    9.04    0.72    9.92   10.53   24.95  0.018309   87.63   22.76   21.45
2004 05 05    5.81    0.55    7.70    1.16    9.35    0.73   10.14   10.52   25.21  0.017973   84.70   22.48   21.71
2004 05 06    5.71    0.54    7.55    1.20    9.08    0.72    9.85   10.52   25.20  0.017889   84.33   22.40   21.70
2004 05 07    6.72    0.64    7.64    1.17    9.25    0.73    9.61   10.51   25.20  0.017789   83.91   22.32   21.70
2004 05 08    4.74    0.45    7.35    1.25    8.73    0.70   10.04   10.51   25.66  0.017469   80.17   22.04   22.16
2004 05 09    6.43    0.61    7.51    1.21    9.03    0.72   10.10   10.50   25.59  0.017287   79.64   21.87   22.09
2004 05 10    5.45    0.52    7.61    1.18    9.22    0.72   10.06   10.50   25.72  0.017513   80.15   22.10   22.22
2004 05 11    5.48    0.52    7.23    1.28    8.54    0.69   10.14   10.49   25.43  0.017927   83.36   22.44   21.93
2004 05 12    5.58    0.53    7.73    1.14    9.47    0.74    9.78   10.49   25.80  0.017178   78.12   21.77   22.30
2004 05 13    2.04    0.19    7.37    1.24    8.81    0.70   10.06   10.48   26.15  0.017275   76.92   21.87   22.65
2004 05 14    4.88    0.47    7.32    1.25    8.72    0.70    9.97   10.48   24.80  0.017656   85.23   22.17   21.30
2004 05 15    6.33    0.60    7.50    1.20    9.06    0.72    9.98   10.47   25.32  0.018223   85.13   22.66   21.82
2004 05 16    4.50    0.43    6.78    1.37    7.79    0.65   10.04   10.46   25.00  0.018380   87.59   22.80   21.50
2004 05 17    4.17    0.40    7.29    1.26    8.69    0.70   10.11   10.46   25.31  0.018222   85.32   22.69   21.81
2004 05 18    4.86    0.47    6.59    1.40    7.48    0.63    9.99   10.45   24.75  0.018348   88.76   22.77   21.25
2004 05 19    2.52    0.24    7.28    1.25    8.69    0.70   10.01   10.45   24.31  0.018288   90.92   22.72   20.81
2004 05 20    3.33    0.32    7.28    1.25    8.70    0.70   10.03   10.44   24.29  0.018210   90.81   22.68   20.79
2004 05 21    5.33    0.51    7.26    1.25    8.68    0.70    9.91   10.43   24.57  0.017471   85.65   22.02   21.07
2004 05 22    6.20    0.59    7.31    1.24    8.77    0.70    9.97   10.43   24.89  0.018293   87.75   22.72   21.39
2004 05 23    5.87    0.56    7.39    1.22    8.93    0.71    9.97   10.42   25.24  0.019059   89.50   23.39   21.74
2004 05 24    6.42    0.62    7.67    1.13    9.47    0.74   10.05   10.41   25.25  0.018813   88.41   23.20   21.75
2004 05 25    5.09    0.49    7.67    1.13    9.48    0.74    9.82   10.41   25.36  0.018414   85.98   22.86   21.86
2004 05 26    6.97    0.67    7.66    1.13    9.47    0.74    9.86   10.40   25.16  0.018237   86.24   22.71   21.66
2004 05 27    6.19    0.60    7.26    1.24    8.72    0.70    9.54   10.40   24.95  0.017717   84.81   22.24   21.45
2004 05 28    4.74    0.46    7.28    1.24    8.77    0.70    9.82   10.39   25.01  0.018274   87.24   22.75   21.51
2004 05 29    4.49    0.43    7.25    1.24    8.72    0.70    9.97   10.39   24.50  0.018091   89.13   22.59   21.00
2004 05 30    3.50    0.34    7.24    1.24    8.71    0.70    9.90   10.38   24.64  0.017599   86.04   22.16   21.14
2004 05 31    6.11    0.59    6.87    1.33    8.05    0.66    9.65   10.37   24.85  0.017416   83.94   21.98   21.35
2004 06 01    5.95    0.57    7.35    1.21    8.93    0.71    9.69   10.37   24.83  0.017700   85.38   22.23   21.33
2004 06 02    3.58    0.35    7.35    1.21    8.94    0.71    9.85   10.36   24.57  0.017507   85.87   22.06   21.07
2004 06 03    5.33    0.51    6.72    1.36    7.81    0.65   10.04   10.36   24.91  0.017418   83.82   22.02   21.41
2004 06 04    4.31    0.42    7.36    1.20    8.97    0.71    9.74   10.35   24.58  0.017617   86.33   22.16   21.08
2004 06 05    5.71    0.55    7.32    1.21    8.90    0.71   10.04   10.35   25.02  0.017164   81.90   21.76   21.52
2004 06 06    3.81    0.37    7.35    1.20    8.96    0.71   10.01   10.35   24.65  0.016939   82.69   21.55   21.15
2004 06 07    6.25    0.60    7.49    1.16    9.23    0.72    9.86   10.34   24.92  0.016700   80.24   21.34   21.42
2004 06 08    5.12    0.50    7.09    1.27    8.49    0.69    9.88   10.34   25.23  0.017659   83.33   22.24   21.73
2004 06 09    4.34    0.42    7.19    1.24    8.68    0.70    9.82   10.33   24.89  0.017808   85.75   22.36   21.39
2004 06 10    6.43    0.62    7.53    1.14    9.32    0.73    9.79   10.33   24.82  0.017704   85.50   22.24   21.32
2004 06 11    6.73    0.65    7.61    1.12    9.48    0.74    9.63   10.33   25.46  0.017717   82.37   22.28   21.96
2004 06 12    5.44    0.53    7.38    1.19    9.05    0.72    9.72   10.32   24.98  0.017756   85.13   22.33   21.48
2004 06 13    3.70    0.36    7.06    1.27    8.46    0.68    9.96   10.32   24.82  0.017689   85.60   22.26   21.32
2004 06 14    7.18    0.70    7.47    1.16    9.22    0.72    9.60   10.32   24.39  0.017082   84.77   21.68   20.89
2004 06 15    6.53    0.63    7.50    1.15    9.28    0.73    9.60   10.31   24.64  0.016600   81.14   21.24   21.14
2004 06 16    6.46    0.63    7.68    1.09    9.63    0.74    9.78   10.31   24.29  0.016986   84.73   21.58   20.79
2004 06 17    3.88    0.38    7.24    1.22    8.80    0.70   10.07   10.31   24.92  0.017986   86.44   22.51   21.42
2004 06 18    6.22    0.60    7.49    1.15    9.27    0.73    9.97   10.31   25.35  0.018074   84.65   22.60   21.85
2004 06 19    6.84    0.66    7.51    1.14    9.31    0.73    9.87   10.30   25.47  0.017467   81.27   22.07   21.97
2004 06 20    6.65    0.65    7.26    1.21    8.84    0.70    9.46   10.30   24.92  0.017265   82.92   21.85   21.42
2004 06 21    4.45    0.43    7.24    1.22    8.80    0.70    9.98   10.30   25.19  0.017752   83.90   22.30   21.69
2004 06 22    5.75    0.56    7.49    1.15    9.27    0.73   10.06   10.30   25.00  0.017818   85.25   22.37   21.50
2004 06 23    6.04    0.59    7.61    1.11    9.50    0.74   10.04   10.30   25.31  0.017517   82.30   22.12   21.81
2004 06 24    6.40    0.62    7.30    1.20    8.91    0.71    9.53   10.30   24.75  0.016584   80.67   21.25   21.25
2004 06 25    5.86    0.57    6.92    1.30    8.22    0.67    9.37   10.30   24.54  0.016150   79.36   20.79   21.04
2004 06 26    6.02    0.58    7.48    1.15    9.25    0.73    9.51   10.30   24.66  0.017502   85.30   22.05   21.16
2004 06 27    5.04    0.49    6.82    1.32    8.04    0.66   10.04   10.30   24.87  0.017807   85.76   22.34   21.37
2004 06 28    6.48    0.63    7.34    1.19    8.98    0.71   10.05   10.30   25.20  0.017275   81.56   21.87   21.70
2004 06 29    6.79    0.66    7.42    1.17    9.13    0.72    9.44   10.30   24.47  0.016826   83.02   21.43   20.97
2004 06 30    6.43    0.62    7.61    1.11    9.49    0.74    9.33   10.30   24.56  0.017010   83.47   21.61   21.06
2004 07 01    6.32    0.61    7.61    1.11    9.49    0.74    9.59   10.30   24.18  0.017256   86.64   21.82   20.68
2004 07 02    6.54    0.63    7.62    1.10    9.51    0.74    9.68   10.30   24.36  0.017250   85.61   21.81   20.86
2004 07 03    6.29    0.61    7.58    1.12    9.42    0.74    9.85   10.30   24.94  0.017058   81.72   21.64   21.44
2004 07 04    6.27    0.61    7.51    1.14    9.28    0.73   10.00   10.31   24.69  0.017815   86.63   22.32   21.19
2004 07 05    4.30    0.42    7.31    1.20    8.90    0.71   10.03   10.31   24.55  0.018053   88.62   22.55   21.05
2004 07 06    6.32    0.61    7.54    1.13    9.33    0.73    9.98   10.31   24.33  0.017064   84.88   21.65   20.83
2004 07 07    6.30    0.61    7.56    1.13    9.37    0.73    9.56   10.31   24.44  0.017701   87.37   22.21   20.94
2004 07 08    3.51    0.34    7.38    1.18    9.02    0.72    9.90   10.31   24.41  0.017536   86.67   22.05   20.91
2004 07 09    6.78    0.66    7.43    1.17    9.10    0.72    9.60   10.32   24.90  0.016877   81.07   21.48   21.40
2004 07 10    6.88    0.67    7.50    1.15    9.23    0.73    9.35   10.32   24.77  0.016645   80.58   21.26   21.27
2004 07 11    5.39    0.52    7.62    1.11    9.46    0.74    9.88   10.32   24.61  0.016879   82.48   21.47   21.11
2004 07 12    6.61    0.64    7.65    1.10    9.51    0.74   10.01   10.32   25.00  0.017092   81.52   21.66   21.50
2004 07 13    6.44    0.62    7.09    1.27    8.45    0.69    9.52   10.33   25.00  0.017285   82.43   21.84   21.50
2004 07 14    6.34    0.61    7.05    1.28    8.37    0.68    9.23   10.33   24.63  0.016655   81.19   21.24   21.13
2004 07 15    5.94    0.58    6.92    1.31    8.14    0.67    9.53   10.33   24.80  0.017816   85.92   22.30   21.30
2004 07 16    4.02    0.39    7.35    1.20    8.91    0.71    9.82   10.34   24.96  0.018024   86.18   22.50   21.46
2004 07 17    3.82    0.37    7.34    1.20    8.88    0.71    9.88   10.34   24.74  0.017450   84.70   22.01   21.24
2004 07 18    6.21    0.60    7.60    1.13    9.37    0.74    9.90   10.34   24.27  0.017103   85.45   21.69   20.77
2004 07 19    6.22    0.60    6.90    1.32    8.07    0.67    9.56   10.35   24.93  0.017431   83.63   22.00   21.43
2004 07 20    6.38    0.62    6.89    1.32    8.05    0.67    9.51   10.35   24.45  0.017549   86.63   22.09   20.95
2004 07 21    6.35    0.61    7.77    1.07    9.67    0.75   10.02   10.35   24.88  0.017844   85.83   22.36   21.38
2004 07 22    6.72    0.65    7.55    1.15    9.24    0.73    9.53   10.36   24.34  0.017433   86.52   21.96   20.84
2004 07 23    7.49    0.72    7.87    1.04    9.85    0.76    9.17   10.36   24.28  0.016725   83.34   21.31   20.78
2004 07 24    7.30    0.70    7.82    1.06    9.74    0.75    9.18   10.37   24.82  0.016469   79.48   21.09   21.32
2004 07 25    7.16    0.69    7.83    1.06    9.75    0.76    9.28   10.37   24.51  0.016773   82.48   21.37   21.01
2004 07 26    5.56    0.54    7.51    1.16    9.13    0.72    9.46   10.37   24.59  0.017356   84.97   21.92   21.09
2004 07 27    4.39    0.42    7.59    1.14    9.27    0.73   10.04   10.38   24.63  0.017672   86.26   22.20   21.13
2004 07 28    6.27    0.60    7.64    1.13    9.36    0.74    9.87   10.38   24.66  0.017773   86.54   22.28   21.16
2004 07 29    3.99    0.38    7.39    1.21    8.88    0.71    9.85   10.39   24.44  0.017861   88.14   22.35   20.94
2004 07 30    4.61    0.44    7.49    1.18    9.06    0.72   10.00   10.39   24.71  0.017415   84.59   21.96   21.21
2004 07 31    5.57    0.54    7.49    1.18    9.05    0.72    9.89   10.39   24.63  0.017097   83.53   21.69   21.13
2004 08 01    6.83    0.66    7.84    1.06    9.71    0.75    9.53   10.40   24.29  0.016816   83.89   21.42   20.79
2004 08 02    6.79    0.65    7.81    1.08    9.64    0.75    9.34   10.40   24.62  0.017215   84.09   21.78   21.12
2004 08 03    6.35    0.61    7.55    1.16    9.14    0.73    9.52   10.40   24.62  0.017562   85.78   22.10   21.12
2004 08 04    5.48    0.53    7.67    1.13    9.36    0.74    9.79   10.41   24.61  0.018090   88.38   22.56   21.11
2004 08 05    5.06    0.49    7.73    1.11    9.47    0.74   10.01   10.41   24.91  0.017573   84.35   22.11   21.41
2004 08 06    5.89    0.57    7.71    1.11    9.42    0.74   10.07   10.41   24.73  0.017459   84.74   22.01   21.23
2004 08 07    5.02    0.48    7.68    1.12    9.36    0.74    9.87   10.41   24.76  0.017825   86.39   22.35   21.26
2004 08 08    6.06    0.58    7.77    1.10    9.52    0.75    9.93   10.42   24.71  0.017947   87.37   22.48   21.21
2004 08 09    6.37    0.61    7.80    1.09    9.57    0.75    9.48   10.42   24.23  0.017266   86.43   21.83   20.73
2004 08 10    4.65    0.45    7.71    1.12    9.39    0.74   10.12   10.42   25.49  0.017504   81.18   22.08   21.99
2004 08 11    5.82    0.56    7.83    1.08    9.62    0.75    9.74   10.42   24.65  0.017027   83.15   21.63   21.15
2004 08 12    5.14    0.49    7.76    1.10    9.48    0.74    9.66   10.43   24.68  0.017467   85.09   22.03   21.18
2004 08 13    5.86    0.56    7.35    1.23    8.71    0.70    9.82   10.43   24.90  0.017631   84.71   22.17   21.40
2004 08 14    6.73    0.65    7.83    1.08    9.60    0.75    9.84   10.43   25.62  0.017552   80.73   22.11   22.12
2004 08 15    6.19    0.59    7.45    1.20    8.88    0.71    9.98   10.43   25.12  0.018364   87.05   22.82   21.62
2004 08 16    4.97    0.48    7.60    1.16    9.16    0.73    9.94   10.43   25.03  0.018345   87.48   22.81   21.53
2004 08 17    6.80    0.65    7.65    1.14    9.25    0.73    9.95   10.43   25.09  0.017773   84.46   22.31   21.59
2004 08 18    5.82    0.56    7.71    1.12    9.36    0.74    9.70   10.43   25.39  0.018028   84.07   22.53   21.89
2004 08 19    6.35    0.61    7.70    1.12    9.34    0.74    9.83   10.43   25.22  0.018231   86.06   22.74   21.72
2004 08 20    5.73    0.55    7.67    1.13    9.28    0.74    9.81   10.43   24.89  0.017746   85.44   22.30   21.39
2004 08 21    4.02    0.39    7.49    1.19    8.94    0.72   10.13   10.43   25.24  0.018042   84.99   22.56   21.74
2004 08 22    6.54    0.63    7.67    1.13    9.27    0.74    9.68   10.43   24.97  0.017103   81.92   21.71   21.47
2004 08 23    7.41    0.71    7.84    1.08    9.59    0.75    9.30   10.43   25.12  0.017839   84.61   22.37   21.62
2004 08 24    6.64    0.64    7.85    1.07    9.61    0.75    9.46   10.43   25.12  0.017246   81.81   21.84   21.62
2004 08 25    6.47    0.62    7.76    1.10    9.45    0.74    9.87   10.42   25.54  0.017716   81.91   22.27   22.04
2004 08 26    6.65    0.64    7.59    1.16    9.12    0.73    9.88   10.42   25.51  0.017815   82.52   22.36   22.01
2004 08 27    6.15    0.59    7.75    1.10    9.43    0.74    9.82   10.42   24.79  0.018231   88.04   22.68   21.29
2004 08 28    7.11    0.68    7.74    1.11    9.41    0.74    9.45   10.42   24.74  0.018083   87.58   22.55   21.24
2004 08 29    5.99    0.58    7.49    1.18    8.95    0.72    9.85   10.41   25.08  0.018112   85.98   22.59   21.58
2004 08 30    7.08    0.68    7.81    1.08    9.55    0.75    9.65   10.41   25.37  0.018050   84.29   22.55   21.87
2004 08 31    6.91    0.66    7.88    1.05    9.69    0.76    9.19   10.40   25.24  0.017643   82.97   22.18   21.74
2004 09 01    6.66    0.64    7.86    1.06    9.65    0.76    9.52   10.40   25.30  0.017533   82.13   22.08   21.80
2004 09 02    7.54    0.73    7.78    1.08    9.51    0.75    9.39   10.39   25.20  0.017850   84.06   22.34   21.70
2004 09 03    7.05    0.68    7.63    1.13    9.23    0.73    9.86   10.39   24.80  0.017746   85.57   22.23   21.30
2004 09 04    4.03    0.39    7.41    1.20    8.83    0.71   10.14   10.38   25.25  0.017964   84.32   22.44   21.75
2004 09 05    4.81    0.46    7.68    1.11    9.33    0.74    9.89   10.38   25.01  0.017319   82.59   21.88   21.51
2004 09 06    5.76    0.56    7.80    1.07    9.57    0.75    9.86   10.37   24.93  0.017686   84.63   22.19   21.43
2004 09 07    6.36    0.61    7.75    1.08    9.49    0.75    9.42   10.36   24.96  0.017897   85.31   22.34   21.46
2004 09 08    2.69    0.26    7.38    1.20    8.80    0.71   10.08   10.36   24.89  0.017943   85.77   22.36   21.39
2004 09 09    4.41    0.43    7.45    1.18    8.94    0.72   10.07   10.35   25.53  0.017654   81.44   22.17   22.03
2004 09 10    6.71    0.65    7.75    1.07    9.51    0.75    9.97   10.34   25.41  0.017826   82.87   22.32   21.91
2004 09 11    6.01    0.58    7.41    1.18    8.88    0.72    9.70   10.33   24.76  0.018516   89.49   22.91   21.26
2004 09 12    5.95    0.58    7.67    1.10    9.38    0.74    9.79   10.32   24.71  0.018261   88.62   22.70   21.21
2004 09 13    7.40    0.72    7.73    1.07    9.51    0.75    9.51   10.31   25.30  0.018187   85.23   22.66   21.80
2004 09 14    6.98    0.68    7.61    1.11    9.30    0.74    9.62   10.30   25.87  0.018119   82.01   22.61   22.37
2004 09 15    6.35    0.62    7.62    1.10    9.33    0.74   10.02   10.29   25.56  0.018188   83.87   22.66   22.06
2004 09 16    5.47    0.53    6.54    1.37    7.41    0.64    9.89   10.28   25.83  0.017727   80.50   22.27   22.33
2004 09 17    5.43    0.53    7.71    1.06    9.53    0.75    9.74   10.27   25.75  0.017988   82.05   22.50   22.25
2004 09 18    6.97    0.68    7.58    1.10    9.30    0.74    9.94   10.25   25.62  0.018225   83.78   22.70   22.12
2004 09 19    6.59    0.64    7.68    1.06    9.51    0.75    9.62   10.24   25.53  0.018419   85.06   22.86   22.03
2004 09 20    6.20    0.61    7.57    1.10    9.31    0.74    9.72   10.23   25.26  0.018159   85.19   22.62   21.76
2004 09 21    6.23    0.61    7.44    1.13    9.09    0.73   10.08   10.21   25.30  0.017826   83.48   22.33   21.80
2004 09 22    6.28    0.62    7.49    1.11    9.20    0.73    9.81   10.20   25.27  0.018940   88.89   23.31   21.77
2004 09 23    6.88    0.68    7.43    1.12    9.11    0.73    9.73   10.18   24.84  0.019168   92.16   23.47   21.34
2004 09 24    5.80    0.57    7.24    1.18    8.77    0.71   10.13   10.17   25.66  0.018752   85.90   23.14   22.16
2004 09 25    5.74    0.57    7.24    1.17    8.79    0.71   10.21   10.15   25.63  0.018715   85.84   23.10   22.13
2004 09 26    5.10    0.50    7.39    1.12    9.09    0.73   10.20   10.14   25.06  0.018358   87.17   22.79   21.56
2004 09 27    5.54    0.55    7.34    1.13    9.02    0.73    9.64   10.12   25.02  0.018487   88.10   22.92   21.52
2004 09 28    5.33    0.53    7.09    1.20    8.57    0.70   10.07   10.10   25.37  0.017649   82.39   22.19   21.87
2004 09 29    5.04    0.50    6.86    1.25    8.17    0.68   10.03   10.09   25.65  0.017793   81.51   22.30   22.15
2004 09 30    6.06    0.60    7.16    1.17    8.75    0.71    9.86   10.07   25.56  0.017762   81.87   22.28   22.06
2004 10 01    7.09    0.71    7.64    1.01    9.70    0.76    9.57   10.05   25.35  0.017391   81.21   21.95   21.85
2004 10 02    6.28    0.63    7.36    1.10    9.18    0.73    9.51   10.03   24.84  0.018009   86.67   22.48   21.34
2004 10 03    6.10    0.61    7.35    1.09    9.18    0.73    9.78   10.01   24.71  0.017064   82.71   21.61   21.21
2004 10 04    5.40    0.54    7.12    1.16    8.77    0.71   10.05    9.99   25.14  0.018284   86.36   22.72   21.64
2004 10 05    4.27    0.43    7.12    1.15    8.80    0.71    9.92    9.97   25.16  0.018269   86.19   22.70   21.66
2004 10 06    3.37    0.34    7.10    1.15    8.78    0.71    9.94    9.95   25.01  0.018325   87.26   22.75   21.51
2004 10 07    5.55    0.56    6.69    1.25    8.05    0.67   10.11    9.93   25.05  0.018287   86.85   22.72   21.55
2004 10 08    5.11    0.52    6.64    1.25    7.98    0.67    9.91    9.91   24.89  0.017713   85.00   22.22   21.39
2004 10 09    5.46    0.55    6.46    1.29    7.68    0.65    9.86    9.89   24.90  0.017282   82.87   21.82   21.40
2004 10 10    6.18    0.63    7.33    1.05    9.35    0.74    9.99    9.87   25.79  0.018587   84.47   23.00   22.29
2004 10 11    6.69    0.68    7.35    1.04    9.42    0.75    9.80    9.85   25.56  0.018529   85.39   22.95   22.06
2004 10 12    5.53    0.56    7.07    1.12    8.89    0.72    9.90    9.83   25.60  0.018836   86.54   23.20   22.10
2004 10 13    6.37    0.65    7.25    1.05    9.28    0.74    9.89    9.80   25.75  0.018970   86.32   23.31   22.25
2004 10 14    5.80    0.59    6.27    1.29    7.47    0.64    9.80    9.78   26.08  0.018212   81.24   22.67   22.58
2004 10 15    5.68    0.58    7.12    1.08    9.09    0.73    9.79    9.76   25.52  0.018834   86.87   23.19   22.02
2004 10 16    6.04    0.62    7.25    1.03    9.39    0.75    9.68    9.73   25.79  0.018678   84.84   23.07   22.29
2004 10 17    5.68    0.58    7.17    1.05    9.26    0.74    9.66    9.71   25.59  0.018532   85.18   22.94   22.09
2004 10 18    6.19    0.64    7.15    1.05    9.25    0.74    9.61    9.69   25.64  0.018015   82.59   22.50   22.14
2004 10 19    5.58    0.58    7.06    1.06    9.10    0.73    9.65    9.66   25.08  0.017840   84.59   22.33   21.58
2004 10 20    5.65    0.59    7.01    1.07    9.04    0.73    9.99    9.64   25.09  0.018288   86.60   22.71   21.59
2004 10 21    3.28    0.34    6.80    1.13    8.66    0.71    9.95    9.61   25.44  0.018307   84.84   22.73   21.94
2004 10 22    3.93    0.41    6.98    1.07    9.05    0.73   10.02    9.59   25.16  0.018844   88.79   23.18   21.66
2004 10 23    6.35    0.66    7.01    1.05    9.14    0.73    9.86    9.56   25.10  0.018223   86.23   22.65   21.60
2004 10 24    5.04    0.53    6.96    1.06    9.08    0.73    9.82    9.54   25.35  0.017093   79.80   21.67   21.85
2004 10 25    4.98    0.52    6.94    1.05    9.07    0.73    9.79    9.51   25.20  0.018020   84.77   22.48   21.70
2004 10 26    5.08    0.54    6.99    1.03    9.21    0.74    9.79    9.49   24.79  0.018038   86.98   22.48   21.29
2004 10 27    4.20    0.44    6.90    1.05    9.06    0.73    9.84    9.46   25.41  0.018653   86.68   23.04   21.91
2004 10 28    2.74    0.29    6.72    1.09    8.73    0.71   10.00    9.44   25.36  0.018697   87.10   23.07   21.86
2004 10 29    4.62    0.49    6.61    1.12    8.55    0.70   10.11    9.41   25.44  0.018294   84.80   22.72   21.94
2004 10 30    4.66    0.50    6.52    1.13    8.40    0.69   10.17    9.39   24.79  0.018064   87.23   22.53   21.29
2004 10 31    4.47    0.48    6.70    1.07    8.80    0.72   10.00    9.36   25.21  0.017538   82.64   22.08   21.71
2004 11 01    5.28    0.57    5.65    1.29    6.84    0.61   10.06    9.33   25.60  0.017903   82.31   22.40   22.10
2004 11 02    4.98    0.53    5.84    1.25    7.21    0.63    9.89    9.31   25.33  0.017479   81.58   22.00   21.83
2004 11 03    3.48    0.38    6.39    1.13    8.28    0.69    9.91    9.28   25.34  0.018426   85.88   22.82   21.84
2004 11 04    3.52    0.38    6.48    1.10    8.49    0.70   10.05    9.26   25.03  0.018792   89.19   23.13   21.53
2004 11 05    4.91    0.53    6.63    1.05    8.83    0.72    9.71    9.23   25.09  0.018021   85.33   22.48   21.59
2004 11 06    5.23    0.57    6.66    1.04    8.92    0.72    9.84    9.21   25.67  0.017754   81.13   22.24   22.17
2004 11 07    6.11    0.67    6.42    1.10    8.47    0.70    9.61    9.18   26.13  0.017699   78.72   22.21   22.63
2004 11 08    5.53    0.60    6.55    1.05    8.77    0.72   10.04    9.16   25.53  0.018544   85.46   22.93   22.03
2004 11 09    4.88    0.53    6.36    1.10    8.41    0.70    9.80    9.13   24.31  0.017987   89.16   22.41   20.81
2004 11 10    3.02    0.33    6.39    1.08    8.51    0.70   10.05    9.11   24.68  0.018639   90.35   22.99   21.18
2004 11 11    4.30    0.47    6.38    1.08    8.52    0.70   10.03    9.08   24.59  0.018788   91.37   23.08   21.09
2004 11 12    4.08    0.45    6.45    1.05    8.69    0.71   10.10    9.06   25.06  0.017273   81.67   21.75   21.56
2004 11 13    3.98    0.44    6.26    1.10    8.33    0.69   10.10    9.04   24.74  0.017363   83.82   21.85   21.24
2004 11 14    6.02    0.67    6.41    1.05    8.68    0.71    9.77    9.01   24.81  0.018068   86.88   22.49   21.31
2004 11 15    4.89    0.54    6.40    1.04    8.68    0.71    9.89    8.99   25.00  0.018726   89.10   23.08   21.50
2004 11 16    3.52    0.39    6.28    1.07    8.46    0.70   10.04    8.97   25.11  0.018038   85.38   22.50   21.61
2004 11 17    4.41    0.49    6.16    1.09    8.25    0.69    9.96    8.94   24.84  0.018029   86.83   22.51   21.34
2004 11 18    1.88    0.21    6.22    1.07    8.40    0.70   10.06    8.92   25.10  0.018370   87.11   22.81   21.60
2004 11 19    4.92    0.55    5.94    1.13    7.86    0.67    9.93    8.90   25.64  0.018022   82.75   22.53   22.14
2004 11 20    5.43    0.61    6.40    1.01    8.83    0.72    9.67    8.88   25.14  0.018272   86.42   22.73   21.64
2004 11 21    4.86    0.55    6.44    0.99    8.95    0.73   10.16    8.86   25.56  0.018426   84.97   22.87   22.06
2004 11 22    4.74    0.54    6.32    1.02    8.72    0.71    9.75    8.84   24.66  0.018273   88.89   22.71   21.16
2004 11 23    3.66    0.41    6.16    1.05    8.41    0.70   10.08    8.82   25.09  0.018689   88.46   23.05   21.59
2004 11 24    3.28    0.37    6.14    1.05    8.39    0.70    9.97    8.80   24.75  0.018146   87.81   22.60   21.25
2004 11 25    4.95    0.56    6.24    1.02    8.63    0.71    9.93    8.78   25.18  0.018288   86.28   22.74   21.68
2004 11 26    4.41    0.50    6.11    1.05    8.38    0.70    9.74    8.76   25.17  0.018081   85.36   22.56   21.67
2004 11 27    5.28    0.60    6.03    1.07    8.23    0.69    9.54    8.75   24.73  0.017369   84.20   21.91   21.23
2004 11 28    3.29    0.38    5.92    1.09    8.03    0.68    9.94    8.73   24.89  0.017759   85.12   22.24   21.39
2004 11 29    4.29    0.49    6.31    0.98    8.88    0.72    9.97    8.71   24.93  0.016954   81.14   21.52   21.43
2004 11 30    5.38    0.62    6.31    0.97    8.89    0.73    9.42    8.70   24.12  0.015998   80.43   20.59   20.62
2004 12 01    5.24    0.60    6.29    0.97    8.87    0.72    9.74    8.68   24.33  0.016230   80.57   20.82   20.83
2004 12 02    4.18    0.48    6.05    1.04    8.38    0.70    9.96    8.67   24.33  0.017520   86.92   22.02   20.83
2004 12 03    4.62    0.53    6.33    0.95    9.00    0.73    9.70    8.65   24.65  0.017690   86.01   22.17   21.15
2004 12 04    5.23    0.61    6.28    0.96    8.91    0.73    9.73    8.64   25.06  0.018142   86.23   22.61   21.56
2004 12 05    4.89    0.57    6.25    0.97    8.86    0.72    9.59    8.63   24.88  0.017906   86.05   22.40   21.38
2004 12 06    2.87    0.33    6.08    1.01    8.51    0.71   10.14    8.62   25.48  0.018052   83.68   22.55   21.98
2004 12 07    3.94    0.46    6.28    0.95    8.96    0.73   10.24    8.61   25.95  0.016913   76.18   21.52   22.45
2004 12 08    5.51    0.64    6.17    0.98    8.73    0.72    9.64    8.60   25.38  0.017708   82.58   22.24   21.88
2004 12 09    4.92    0.57    6.37    0.92    9.19    0.74    9.55    8.59   24.49  0.016058   78.98   20.67   20.99
2004 12 10    4.15    0.48    6.20    0.97    8.82    0.72    9.57    8.58   24.07  0.016266   81.97   20.84   20.57
2004 12 11    4.88    0.57    6.19    0.97    8.81    0.72    9.76    8.57   24.59  0.018051   88.16   22.50   21.09
2004 12 12    4.58    0.54    6.11    0.99    8.65    0.71    9.68    8.56   25.44  0.017766   82.51   22.28   21.94
2004 12 13    5.19    0.61    6.07    1.00    8.56    0.71    9.57    8.56   25.26  0.016134   75.77   20.76   21.76
2004 12 14    5.62    0.66    6.08    0.99    8.60    0.71    9.30    8.55   24.35  0.017049   84.43   21.58   20.85
2004 12 15    4.63    0.54    6.19    0.96    8.84    0.72    9.68    8.55   24.75  0.017350   83.88   21.87   21.25
2004 12 16    5.04    0.59    5.97    1.02    8.37    0.70    9.89    8.54   24.48  0.017567   86.36   22.07   20.98
2004 12 17    5.36    0.63    6.25    0.94    8.98    0.73    9.47    8.54   24.33  0.017648   87.53   22.13   20.83
2004 12 18    4.83    0.57    6.33    0.91    9.17    0.74    9.64    8.54   24.28  0.016960   84.49   21.52   20.78
2004 12 19    4.88    0.57    6.19    0.96    8.85    0.72    9.56    8.54   24.50  0.017618   86.58   22.13   21.00
2004 12 20    4.27    0.50    5.98    1.02    8.40    0.70    9.73    8.54   25.02  0.018475   88.00   22.90   21.52
2004 12 21    4.56    0.53    5.10    1.19    6.62    0.60    9.87    8.54   24.63  0.017389   84.81   21.93   21.13
2004 12 22    5.33    0.62    6.31    0.92    9.12    0.74    9.42    8.54   24.64  0.016540   80.56   21.13   21.14
2004 12 23    4.69    0.55    6.04    1.00    8.52    0.71    9.59    8.54   24.68  0.016517   80.22   21.10   21.18
2004 12 24    4.97    0.58    6.30    0.93    9.09    0.74    9.69    8.55   23.47  0.015395   80.37   19.95   19.97
2004 12 25    4.60    0.54    6.25    0.94    8.97    0.73    9.52    8.55   23.71  0.015424   79.41   19.99   20.21
2004 12 26    4.13    0.48    6.21    0.95    8.88    0.73    9.43    8.55   22.87  0.015557   84.39   20.12   19.37
2004 12 27    4.46    0.52    6.32    0.92    9.11    0.74    9.70    8.56   23.26  0.015414   81.82   20.02   19.76
2004 12 28    5.15    0.60    6.21    0.96    8.86    0.72    9.32    8.57   23.24  0.015786   83.84   20.38   19.74
2004 12 29    3.82    0.45    6.28    0.94    9.01    0.73    9.61    8.57   24.22  0.014709   73.66   19.31   20.72
2004 12 30    4.38    0.51    6.13    0.99    8.66    0.71    9.55    8.58   23.99  0.015186   77.07   19.80   20.49
2004 12 31    5.44    0.63    6.33    0.93    9.09    0.74    9.14    8.59   23.98  0.015318   77.86   19.95   20.48
2005 01 01    4.80    0.56    5.96    1.04    8.28    0.69    9.65    8.60   23.98  0.017118   86.94   21.68   20.48
2005 01 02    4.41    0.51    5.98    1.04    8.31    0.69    9.51    8.61   24.28  0.016555   82.57   21.16   20.78
2005 01 03    4.75    0.55    6.22    0.97    8.81    0.72    9.33    8.62   24.81  0.015863   76.57   20.49   21.31
2005 01 04    4.50    0.52    5.85    1.08    8.01    0.68    9.43    8.64   23.97  0.016878   85.61   21.43   20.47
2005 01 05    2.01    0.23    6.16    1.00    8.65    0.71    9.93    8.65   23.90  0.016190   82.48   20.77   20.40
2005 01 06    4.98    0.58    5.40    1.17    7.08    0.62    9.54    8.66   24.27  0.016770   83.49   21.32   20.77
2005 01 07    3.70    0.43    5.70    1.12    7.66    0.66    9.74    8.68   24.40  0.017505   86.50   22.01   20.90
2005 01 08    2.23    0.26    5.87    1.09    7.99    0.68   10.01    8.69   24.70  0.017296   84.02   21.85   21.20
2005 01 09    4.08    0.47    5.30    1.20    6.84    0.61   10.02    8.71   24.56  0.016770   82.12   21.35   21.06
2005 01 10    4.63    0.53    6.02    1.06    8.25    0.69    9.77    8.73   24.61  0.018019   87.87   22.47   21.11
2005 01 11    4.77    0.55    5.41    1.19    7.02    0.62    9.73    8.74   24.90  0.017979   86.20   22.45   21.40
2005 01 12    3.08    0.35    5.58    1.17    7.33    0.64    9.87    8.76   25.43  0.018160   84.39   22.63   21.93
2005 01 13    3.67    0.42    5.39    1.20    6.94    0.61   10.05    8.78   25.27  0.018244   85.59   22.70   21.77
2005 01 14    2.94    0.33    6.24    1.03    8.63    0.71   10.07    8.80   25.26  0.018277   85.83   22.74   21.76
2005 01 15    2.95    0.33    4.98    1.26    6.14    0.56    9.95    8.82   24.86  0.017543   84.35   22.07   21.36
2005 01 16    3.91    0.44    6.30    1.02    8.70    0.71    9.79    8.84   24.80  0.016684   80.43   21.26   21.30
2005 01 17    6.03    0.68    6.40    1.00    8.89    0.72    9.29    8.86   25.31  0.016835   78.80   21.43   21.81
2005 01 18    5.63    0.63    6.52    0.97    9.12    0.73    9.54    8.88   24.39  0.014202   70.31   18.75   20.89
2005 01 19    5.91    0.66    6.61    0.95    9.29    0.74    9.36    8.90   23.81  0.014354   73.57   18.90   20.31
2005 01 20    5.79    0.65    6.55    0.98    9.12    0.73    9.08    8.93   23.11  0.014695   78.61   19.25   19.61
2005 01 21    5.93    0.66    6.60    0.97    9.20    0.74    9.01    8.95   23.38  0.015166   79.89   19.76   19.88
2005 01 22    4.69    0.52    6.14    1.10    8.21    0.68    9.70    8.97   23.99  0.017052   86.58   21.62   20.49
2005 01 23    3.42    0.38    6.42    1.04    8.75    0.71   10.07    9.00   25.05  0.017581   83.76   22.14   21.55
2005 01 24    5.31    0.59    6.24    1.09    8.35    0.69    9.81    9.02   24.89  0.017068   82.09   21.67   21.39
2005 01 25    4.69    0.52    6.33    1.08    8.50    0.70    9.76    9.05   24.52  0.016311   80.16   20.93   21.02
2005 01 26    5.88    0.65    6.59    1.01    9.01    0.73    9.36    9.07   24.57  0.015944   78.11   20.57   21.07
2005 01 27    5.51    0.61    6.25    1.12    8.28    0.69    9.38    9.10   25.17  0.016386   77.42   21.02   21.67
2005 01 28    6.24    0.68    6.75    0.98    9.28    0.74    9.15    9.12   25.39  0.015875   74.03   20.52   21.89
2005 01 29    5.80    0.63    6.70    1.00    9.14    0.73    9.09    9.15   23.78  0.014914   76.55   19.49   20.28
2005 01 30    5.47    0.60    6.42    1.10    8.52    0.70    9.19    9.18   24.33  0.014870   73.76   19.44   20.83
2005 01 31    5.19    0.56    6.87    0.97    9.43    0.75    9.41    9.20   24.34  0.014789   73.32   19.36   20.84
2005 02 01    6.39    0.69    6.69    1.03    9.01    0.72    8.95    9.23   24.02  0.015023   75.93   19.59   20.52
2005 02 02    5.18    0.56    6.07    1.20    7.74    0.66    9.27    9.26   24.60  0.015777   77.04   20.38   21.10
2005 02 03    3.67    0.40    6.58    1.08    8.71    0.71    9.56    9.28   24.33  0.015162   75.32   19.77   20.83
2005 02 04    4.80    0.52    6.64    1.08    8.80    0.71   10.12    9.31   25.03  0.014666   69.91   19.27   21.53
2005 02 05    3.51    0.38    5.86    1.26    7.26    0.63    9.78    9.34   24.73  0.016324   79.20   20.95   21.23
2005 02 06    4.20    0.45    6.15    1.21    7.77    0.66    9.88    9.37   24.64  0.017088   83.26   21.65   21.14
2005 02 07    2.86    0.30    5.66    1.30    6.84    0.60    9.94    9.39   24.94  0.017899   85.50   22.36   21.44
2005 02 08    0.59    0.06    6.66    1.10    8.70    0.71    9.92    9.42   24.51  0.017829   87.34   22.28   21.01
2005 02 09    2.08    0.22    6.51    1.15    8.37    0.69    9.95    9.45   24.78  0.018030   86.92   22.46   21.28
2005 02 10    3.44    0.36    6.84    1.07    8.99    0.72   10.12    9.48   24.92  0.017585   84.21   22.10   21.42
2005 02 11    4.62    0.49    6.69    1.12    8.65    0.70    9.97    9.50   24.47  0.017539   86.35   22.06   20.97
2005 02 12    5.67    0.59    6.99    1.04    9.22    0.73    9.80    9.53   24.65  0.017407   84.84   21.95   21.15
2005 02 13    4.99    0.52    6.87    1.09    8.94    0.72    9.59    9.56   24.21  0.017113   85.68   21.67   20.71
2005 02 14    5.87    0.61    6.95    1.08    9.06    0.72    9.57    9.59   24.01  0.016660   84.44   21.25   20.51
2005 02 15    4.87    0.51    6.68    1.16    8.49    0.69    9.41    9.62   24.38  0.015852   78.44   20.45   20.88
2005 02 16    5.27    0.55    6.50    1.21    8.12    0.67    9.46    9.64   23.86  0.015741   80.27   20.31   20.36
2005 02 17    4.53    0.47    5.98    1.32    7.14    0.62    9.41    9.67   24.31  0.015960   79.26   20.55   20.81
2005 02 18    4.95    0.51    7.11    1.06    9.24    0.73    9.46    9.70   24.12  0.014686   73.95   19.28   20.62
2005 02 19    5.46    0.56    6.90    1.13    8.79    0.71    9.41    9.72   24.97  0.014720   70.48   19.34   21.47
2005 02 20    3.73    0.38    7.05    1.10    9.05    0.72    9.96    9.75   24.89  0.016113   77.58   20.78   21.39
2005 02 21    3.76    0.38    7.11    1.09    9.13    0.73    9.92    9.78   24.98  0.014844   71.06   19.48   21.48
2005 02 22    6.73    0.69    7.12    1.09    9.12    0.73    9.11    9.80   24.49  0.013480   66.44   17.95   20.99
2005 02 23    5.41    0.55    6.29    1.30    7.53    0.64    9.30    9.83   25.20  0.015342   72.38   19.98   21.70
2005 02 24    6.79    0.69    7.29    1.06    9.39    0.74    9.23    9.85   26.15  0.014352   64.02   18.94   22.65
2005 02 25    5.20    0.53    5.52    1.42    6.16    0.56    9.63    9.88   25.76  0.016126   73.57   20.78   22.26
2005 02 26    5.00    0.51    7.29    1.07    9.32    0.74    9.93    9.90   26.06  0.016897   75.73   21.53   22.56
2005 02 27    6.09    0.61    7.21    1.11    9.13    0.73    9.49    9.93   26.11  0.016246   72.56   20.90   22.61
2005 02 28    7.21    0.72    7.43    1.04    9.53    0.75    9.37    9.95   25.98  0.017430   78.49   22.02   22.48
2005 03 01    6.09    0.61    7.30    1.10    9.24    0.73    9.75    9.98   26.65  0.016414   71.01   21.08   23.15
2005 03 02    5.45    0.55    7.00    1.19    8.63    0.70    9.97   10.00   27.07  0.016649   70.26   21.31   23.57
2005 03 03    4.78    0.48    6.87    1.23    8.37    0.69    9.89   10.02   26.02  0.016663   74.85   21.31   22.52
2005 03 04    6.33    0.63    7.15    1.17    8.86    0.71    9.44   10.05   26.12  0.016193   72.31   20.86   22.62
2005 03 05    6.36    0.63    7.41    1.09    9.33    0.74    9.71   10.07   25.06  0.016337   77.78   20.98   21.56
2005 03 06    6.17    0.61    7.15    1.18    8.81    0.71    9.98   10.09   25.67  0.016118   74.04   20.80   22.17
2005 03 07    6.43    0.64    7.28    1.15    9.03    0.72    9.62   10.11   25.36  0.016905   79.04   21.53   21.86
2005 03 08    4.91    0.48    7.41    1.11    9.25    0.73    9.86   10.13   26.45  0.015570   68.21   20.24   22.95
2005 03 09    7.03    0.69    7.29    1.16    8.99    0.72    9.37   10.16   26.61  0.014974   64.92   19.61   23.11
2005 03 10    7.14    0.70    7.46    1.12    9.29    0.73    9.44   10.18   26.61  0.015511   67.18   20.15   23.11
2005 03 11    6.90    0.68    7.18    1.20    8.73    0.70    9.22   10.20   27.10  0.016148   67.97   20.81   23.60
2005 03 12    6.05    0.59    7.48    1.12    9.28    0.73    9.72   10.21   26.21  0.017096   76.02   21.74   22.71
2005 03 13    6.56    0.64    7.50    1.12    9.29    0.73    9.41   10.23   25.51  0.014852   68.78   19.47   22.01
2005 03 14    6.57    0.64    7.60    1.09    9.46    0.74    9.57   10.25   25.70  0.014941   68.38   19.57   22.20
2005 03 15    7.50    0.73    7.69    1.07    9.61    0.75    9.27   10.27   26.39  0.015500   68.05   20.15   22.89
2005 03 16    6.51    0.63    7.56    1.12    9.33    0.73    9.65   10.29   25.39  0.015057   70.23   19.69   21.89
2005 03 17    7.45    0.72    7.60    1.11    9.39    0.74    9.07   10.30   25.54  0.014570   67.34   19.17   22.04
2005 03 18    7.35    0.71    7.62    1.11    9.41    0.74    9.38   10.32   25.94  0.016502   74.44   21.14   22.44
2005 03 19    7.20    0.70    7.46    1.17    9.08    0.72    9.22   10.34   26.17  0.016404   72.97   21.05   22.67
2005 03 20    6.16    0.60    6.78    1.34    7.84    0.66    9.54   10.35   26.37  0.016385   72.05   21.04   22.87
2005 03 21    6.94    0.67    7.04    1.29    8.28    0.68    9.17   10.37   26.01  0.015307   68.77   19.95   22.51
2005 03 22    7.13    0.69    7.30    1.23    8.73    0.70    9.32   10.38   26.76  0.015009   64.59   19.66   23.26
2005 03 23    5.97    0.57    7.40    1.20    8.90    0.71   10.07   10.39   27.62  0.015059   61.66   19.73   24.12
2005 03 24    6.82    0.66    7.12    1.28    8.37    0.68    9.30   10.41   26.98  0.015014   63.81   19.68   23.48
2005 03 25    6.11    0.59    7.23    1.26    8.56    0.69    9.71   10.42   26.88  0.015938   68.05   20.62   23.38
2005 03 26    5.84    0.56    7.04    1.31    8.21    0.67    9.68   10.43   27.14  0.015253   64.11   19.91   23.64
2005 03 27    6.91    0.66    7.47    1.20    8.97    0.72    9.46   10.44   27.28  0.015672   65.28   20.33   23.78
2005 03 28    6.42    0.61    7.09    1.30    8.27    0.68    9.47   10.45   26.43  0.015273   66.91   19.92   22.93
2005 03 29    6.24    0.60    6.97    1.33    8.05    0.67    9.77   10.46   25.87  0.016849   76.34   21.48   22.37
2005 03 30    6.38    0.61    7.08    1.31    8.23    0.68    9.79   10.47   27.33  0.015825   65.72   20.49   23.83
2005 03 31    6.63    0.63    7.47    1.21    8.92    0.71    9.60   10.48   27.04  0.015676   66.19   20.33   23.54
2005 04 01    5.91    0.56    6.89    1.36    7.88    0.66    9.72   10.49   25.83  0.016584   75.26   21.21   22.33
2005 04 02    5.55    0.53    6.95    1.35    7.98    0.66    9.59   10.50   26.52  0.016167   70.43   20.82   23.02
2005 04 03    6.39    0.61    7.50    1.21    8.95    0.71    9.74   10.51   28.10  0.016320   64.84   21.00   24.60
2005 04 04    5.98    0.57    7.30    1.27    8.57    0.69    9.87   10.52   27.18  0.016395   68.79   21.08   23.68
2005 04 05    5.82    0.55    6.75    1.39    7.62    0.64   10.16   10.52   26.88  0.016289   69.52   20.96   23.38
2005 04 06    6.10    0.58    7.72    1.15    9.33    0.73    9.82   10.53   26.64  0.015444   66.89   20.11   23.14
2005 04 07    6.32    0.60    7.52    1.21    8.96    0.71    9.55   10.53   26.99  0.015512   65.85   20.20   23.49
2005 04 08    6.40    0.61    7.60    1.19    9.10    0.72   10.08   10.54   26.90  0.016155   68.84   20.82   23.40
2005 04 09    4.72    0.45    6.83    1.38    7.73    0.65   10.35   10.54   27.29  0.016176   67.38   20.85   23.79
2005 04 10    5.03    0.48    7.17    1.31    8.31    0.68   10.12   10.55   26.90  0.016305   69.38   20.95   23.40
2005 04 11    4.52    0.43    7.48    1.23    8.86    0.71   10.25   10.55   26.36  0.017554   76.99   22.09   22.86
2005 04 12    5.48    0.52    6.79    1.39    7.65    0.64   10.17   10.56   25.43  0.018258   84.75   22.70   21.93
2005 04 13    4.82    0.46    6.48    1.45    7.14    0.61    9.97   10.56   25.64  0.016533   75.90   21.16   22.14
2005 04 14    5.52    0.52    6.88    1.38    7.81    0.65    9.90   10.56   25.80  0.016604   75.45   21.22   22.30
2005 04 15    5.26    0.50    6.71    1.41    7.52    0.64   10.19   10.56   26.97  0.015850   67.13   20.49   23.47
2005 04 16    6.43    0.61    6.22    1.48    6.72    0.59    9.75   10.56   27.90  0.015756   63.25   20.41   24.40
2005 04 17    6.25    0.59    6.41    1.46    7.02    0.61    9.83   10.57   26.85  0.015638   66.83   20.30   23.35
2005 04 18    6.23    0.59    7.12    1.33    8.22    0.67   10.13   10.57   26.58  0.016229   70.43   20.88   23.08
2005 04 19    5.52    0.52    7.19    1.31    8.34    0.68    9.87   10.57   26.02  0.016558   74.29   21.19   22.52
2005 04 20    2.95    0.28    7.29    1.29    8.52    0.69   10.03   10.57   25.64  0.016294   74.70   20.91   22.14
2005 04 21    2.84    0.27    7.31    1.28    8.55    0.69   10.29   10.57   25.72  0.017493   79.81   22.03   22.22
2005 04 22    1.27    0.12    7.47    1.24    8.84    0.71   10.16   10.57   25.79  0.018478   83.92   22.90   22.29
2005 04 23    3.63    0.34    7.48    1.23    8.87    0.71    9.92   10.56   25.62  0.017768   81.61   22.29   22.12
2005 04 24    4.73    0.45    7.57    1.21    9.04    0.72   10.14   10.56   25.24  0.018795   88.29   23.17   21.74
2005 04 25    3.20    0.30    7.46    1.24    8.84    0.71   10.07   10.56   25.26  0.018679   87.69   23.08   21.76
2005 04 26    5.98    0.57    7.69    1.17    9.26    0.73    9.89   10.56   24.97  0.018048   86.28   22.53   21.47
2005 04 27    5.97    0.57    7.31    1.28    8.57    0.69    9.60   10.56   25.65  0.017935   82.34   22.46   22.15
2005 04 28    6.47    0.61    7.56    1.21    9.04    0.72    9.74   10.55   24.85  0.017804   85.72   22.31   21.35
2005 04 29    6.04    0.57    7.47    1.23    8.88    0.71    9.63   10.55   24.66  0.017531   85.35   22.06   21.16
2005 04 30    4.39    0.42    7.39    1.26    8.73    0.70    9.87   10.55   24.40  0.018005   89.15   22.50   20.90
2005 05 01    3.36    0.32    7.43    1.24    8.82    0.70    9.85   10.54   24.81  0.017531   84.71   22.08   21.31
2005 05 02    4.65    0.44    6.24    1.47    6.79    0.59    9.99   10.54   25.08  0.017846   84.84   22.37   21.58
2005 05 03    2.96    0.28    7.61    1.19    9.16    0.72   10.08   10.53   25.39  0.017835   83.21   22.37   21.89
2005 05 04    4.81    0.46    6.09    1.49    6.56    0.58    9.88   10.53   25.35  0.017907   83.76   22.44   21.85
2005 05 05    4.34    0.41    6.94    1.36    7.97    0.66    9.92   10.53   25.24  0.017617   83.05   22.19   21.74
2005 05 06    4.90    0.47    6.58    1.42    7.37    0.63    9.93   10.52   25.23  0.018254   85.97   22.73   21.73
2005 05 07    4.26    0.40    7.22    1.29    8.48    0.69    9.76   10.52   25.17  0.017763   83.93   22.29   21.67
2005 05 08    4.59    0.44    5.99    1.50    6.43    0.57   10.11   10.51   26.07  0.018271   81.73   22.75   22.57
2005 05 09    3.47    0.33    7.33    1.26    8.69    0.70   10.03   10.51   25.55  0.018600   85.80   23.01   22.05
2005 05 10    2.84    0.27    7.32    1.26    8.68    0.70    9.86   10.50   24.96  0.017911   85.61   22.40   21.46
2005 05 11    5.01    0.48    7.17    1.29    8.42    0.68   10.16   10.49   26.46  0.017713   77.30   22.25   22.96
2005 05 12    6.46    0.62    6.87    1.36    7.90    0.65    9.84   10.49   27.15  0.016956   71.06   21.57   23.65
2005 05 13    3.77    0.36    6.94    1.34    8.03    0.66   10.11   10.48   26.56  0.018891   81.89   23.26   23.06
2005 05 14    3.53    0.34    7.31    1.26    8.70    0.70    9.98   10.48   26.30  0.018585   81.84   23.00   22.80
2005 05 15    5.21    0.50    7.29    1.26    8.67    0.70   10.28   10.47   26.02  0.019036   85.25   23.37   22.52
2005 05 16    5.23    0.50    6.39    1.44    7.12    0.61   10.02   10.47   25.82  0.019450   88.18   23.72   22.32
2005 05 17    4.16    0.40    6.73    1.38    7.70    0.64   10.12   10.46   25.90  0.018946   85.49   23.30   22.40
2005 05 18    4.97    0.48    6.74    1.38    7.73    0.64    9.92   10.45   26.01  0.019011   85.22   23.36   22.51
2005 05 19    4.47    0.43    6.70    1.38    7.66    0.64   10.10   10.45   26.09  0.018209   81.23   22.67   22.59
2005 05 20    4.33    0.41    7.33    1.24    8.79    0.70   10.09   10.44   25.30  0.018394   86.02   22.81   21.80
2005 05 21    5.71    0.55    6.60    1.40    7.51    0.63    9.88   10.43   25.70  0.018492   84.51   22.92   22.20
2005 05 22    6.15    0.59    7.31    1.24    8.77    0.70    9.77   10.43   26.18  0.018919   84.03   23.30   22.68
2005 05 23    6.12    0.59    7.55    1.17    9.22    0.72    9.68   10.42   25.70  0.018729   85.59   23.12   22.20
2005 05 24    5.93    0.57    7.51    1.18    9.15    0.72    9.84   10.42   25.44  0.017967   83.48   22.47   21.94
2005 05 25    6.29    0.60    7.17    1.27    8.54    0.69    9.94   10.41   26.10  0.018604   83.11   23.05   22.60
2005 05 26    5.00    0.48    7.13    1.28    8.48    0.69    9.95   10.40   26.47  0.018789   82.16   23.23   22.97
2005 05 27    4.91    0.47    7.09    1.29    8.41    0.68   10.20   10.40   26.21  0.018963   84.17   23.36   22.71
2005 05 28    5.06    0.49    6.57    1.39    7.51    0.63   10.03   10.39   25.91  0.017919   81.03   22.46   22.41
2005 05 29    5.89    0.57    6.29    1.44    7.04    0.61    9.91   10.39   25.15  0.017433   82.44   21.99   21.65
2005 05 30    4.11    0.40    7.35    1.21    8.91    0.71   10.03   10.38   25.96  0.018320   82.51   22.79   22.46
2005 05 31    4.35    0.42    6.58    1.39    7.54    0.63   10.26   10.38   26.06  0.018021   80.76   22.55   22.56
2005 06 01    5.09    0.49    6.43    1.41    7.30    0.62   10.00   10.37   25.75  0.017929   81.93   22.48   22.25
2005 06 02    4.30    0.41    6.22    1.44    6.95    0.60    9.81   10.37   25.38  0.017744   82.82   22.29   21.88
2005 06 03    4.90    0.47    6.85    1.33    8.03    0.66    9.85   10.36   25.40  0.017938   83.55   22.44   21.90
2005 06 04    3.93    0.38    7.27    1.23    8.79    0.70   10.03   10.36   25.56  0.018001   83.02   22.50   22.06
2005 06 05    4.83    0.47    7.20    1.25    8.67    0.70   10.19   10.35   25.88  0.018693   84.55   23.10   22.38
2005 06 06    4.67    0.45    5.93    1.47    6.50    0.57    9.92   10.35   25.64  0.018661   85.66   23.08   22.14
2005 06 07    4.41    0.43    7.26    1.23    8.79    0.70    9.98   10.34   25.15  0.019126   90.32   23.45   21.65
2005 06 08    3.69    0.36    6.76    1.34    7.90    0.65   10.11   10.34   25.33  0.018867   88.11   23.23   21.83
2005 06 09    5.17    0.50    5.66    1.49    6.08    0.55   10.00   10.33   26.18  0.018932   84.11   23.32   22.68
2005 06 10    4.62    0.45    7.25    1.23    8.79    0.70   10.23   10.33   26.30  0.018807   82.99   23.22   22.80
2005 06 11    5.08    0.49    6.59    1.37    7.62    0.64    9.99   10.33   25.89  0.018538   83.74   22.96   22.39
2005 06 12    5.15    0.50    6.99    1.29    8.33    0.68   10.06   10.32   26.20  0.018423   81.69   22.87   22.70
2005 06 13    6.12    0.59    6.80    1.33    7.99    0.66   10.00   10.32   25.69  0.018275   83.52   22.72   22.19
2005 06 14    4.88    0.47    5.61    1.50    6.01    0.54   10.01   10.32   26.27  0.018656   82.37   23.07   22.77
2005 06 15    2.87    0.28    7.25    1.22    8.81    0.70   10.03   10.31   26.34  0.018652   82.13   23.09   22.84
2005 06 16    5.88    0.57    6.36    1.41    7.24    0.62    9.90   10.31   26.16  0.018656   83.08   23.10   22.66
2005 06 17    5.77    0.56    6.26    1.42    7.07    0.61    9.57   10.31   25.99  0.017706   79.67   22.27   22.49
2005 06 18    5.39    0.52    6.23    1.43    7.02    0.60    9.64   10.31   25.78  0.017940   81.76   22.47   22.28
2005 06 19    5.13    0.50    6.49    1.39    7.46    0.63    9.84   10.31   26.20  0.018208   80.87   22.71   22.70
2005 06 20    4.23    0.41    6.86    1.31    8.11    0.67   10.09   10.30   26.00  0.018538   83.33   22.99   22.50
2005 06 21    4.62    0.45    6.87    1.31    8.13    0.67   10.14   10.30   26.16  0.018379   81.89   22.87   22.66
2005 06 22    5.31    0.52    6.64    1.36    7.73    0.64    9.82   10.30   26.87  0.017547   75.01   22.17   23.37
2005 06 23    2.97    0.29    7.24    1.22    8.80    0.70    9.94   10.30   25.94  0.017899   80.84   22.45   22.44
2005 06 24    4.77    0.46    7.18    1.24    8.69    0.70   10.11   10.30   25.77  0.017725   80.89   22.29   22.27
2005 06 25    5.20    0.50    6.03    1.45    6.70    0.59    9.95   10.30   25.54  0.017347   80.23   21.94   22.04
2005 06 26    5.55    0.54    6.26    1.42    7.08    0.61    9.76   10.30   25.28  0.017335   81.40   21.91   21.78
2005 06 27    6.10    0.59    6.78    1.33    7.97    0.66    9.34   10.30   25.69  0.017199   78.73   21.79   22.19
2005 06 28    5.96    0.58    6.38    1.40    7.27    0.62    9.84   10.30   25.63  0.017484   80.33   22.05   22.13
2005 06 29    5.69    0.55    6.29    1.41    7.12    0.61    9.96   10.30   26.09  0.018145   81.13   22.65   22.59
2005 06 30    3.29    0.32    5.93    1.46    6.53    0.58   10.26   10.30   25.68  0.018359   84.21   22.85   22.18
