2004      01	  01      3.88      0.45      6.22      0.96      8.85      0.72      10.02     8.59      24.50      0.016600      81.79      21.23      21.00
2004      01      02      3.87      0.45      6.16      0.99      8.70      0.72      9.90      8.60      25.09      0.016912      80.32      21.52      21.59
2004      01      03      5.58      0.65      6.35      0.93      9.10      0.74      9.43      8.62      24.79      0.015851      76.56      20.47      21.29
2004      01      04      4.95      0.57      6.37      0.93      9.13      0.74      9.28      8.63      24.35      0.015354      76.09      19.95      20.85
2004      01      05      4.53      0.52      6.18      0.99      8.70      0.72      9.52      8.64      24.35      0.016896      83.76      21.46      20.85
2004      01      06      4.43      0.51      6.20      0.99      8.72      0.72      9.81      8.65      24.12      0.016909      85.05      21.47      20.62
2004      01      07      5.24      0.60      6.29      0.97      8.90      0.73      9.45      8.67      24.29      0.016877      84.04      21.45      20.79
2004      01      08      4.79      0.55      6.34      0.96      8.99      0.73      9.73      8.68      23.99      0.016834      85.41      21.41      20.49
2004      01      09      4.40      0.51      6.20      1.01      8.66      0.71      9.79      8.70      24.16      0.016637      83.49      21.22      20.66
2004      01      10      5.20      0.60      6.25      1.00      8.75      0.72      9.50      8.71      24.21      0.015973      79.91      20.58      20.71
2004      01      11      4.83      0.55      6.27      1.00      8.77      0.72      9.76      8.73      24.31      0.017569      87.43      22.10      20.81
2004      01      12      4.91      0.56      6.32      0.99      8.85      0.72      9.68      8.75      24.84      0.017196      82.96      21.78      21.34
2004      01      13      4.99      0.57      6.36      0.98      8.92      0.73      9.66      8.77      24.75      0.015359      74.51      20.01      21.25
2004      01      14      3.77      0.43      6.37      0.98      8.92      0.73      9.57      8.78      23.62      0.016364      84.81      20.93      20.12
2004      01      15      4.32      0.49      6.37      0.99      8.89      0.72      9.79      8.80      23.78      0.017004      87.17      21.52      20.28
2004      01      16      4.56      0.52      6.35      1.00      8.82      0.72      9.78      8.82      24.01      0.016713      84.56      21.27      20.51
2004      01      17      5.11      0.58      6.51      0.96      9.14      0.74      9.47      8.84      23.06      0.016076      86.26      20.65      19.56
2004      01      18      5.11      0.58      6.58      0.95      9.26      0.74      9.21      8.87      23.88      0.015614      79.74      20.22      20.38
2004      01      19      5.80      0.65      6.64      0.93      9.36      0.75      9.08      8.89      24.12      0.015252      76.69      19.85      20.62
2004      01      20      6.03      0.68      6.65      0.94      9.35      0.75      9.07      8.91      24.32      0.015565      77.31      20.17      20.82
2004      01      21      4.79      0.54      6.49      1.00      8.97      0.73      9.70      8.93      23.71      0.015987      82.43      20.58      20.21
2004      01      22      5.24      0.58      6.63      0.96      9.24      0.74      9.49      8.96      24.34      0.015829      78.66      20.46      20.84
2004      01      23      5.25      0.58      6.60      0.98      9.14      0.73      9.66      8.98      24.22      0.015879      79.44      20.50      20.72
2004      01      24      4.97      0.55      6.06      1.13      8.00      0.67      9.41      9.00      24.20      0.015521      77.77      20.14      20.70
2004      01      25      4.19      0.46      6.73      0.95      9.36      0.75      9.70      9.03      24.91      0.014659      70.35      19.26      21.41
2004      01      26      3.52      0.39      6.68      0.98      9.21      0.74      9.71      9.05      23.37      0.016122      84.95      20.71      19.87
2004      01      27      5.21      0.57      6.72      0.97      9.26      0.74      9.54      9.08      23.46      0.015757      82.59      20.36      19.96
2004      01      28      5.41      0.59      6.84      0.94      9.49      0.75      9.41      9.10      24.21      0.014401      72.17      18.98      20.71
2004      01      29      6.05      0.66      6.88      0.94      9.54      0.75      9.22      9.13      24.90      0.014680      70.50      19.28      21.40
2004      01      30      5.97      0.65      6.83      0.96      9.39      0.75      9.19      9.16      25.56      0.015067      69.49      19.69      22.06
2004      01      31      6.31      0.69      6.88      0.95      9.46      0.75      9.01      9.18      25.55      0.014265      65.85      18.82      22.05
2004      02      01      5.97      0.65      6.62      1.05      8.87      0.72      9.35      9.21      25.35      0.015486      72.37      20.13      21.85
2004      02      02      5.92      0.64      6.90      0.97      9.42      0.75      9.55      9.24      25.84      0.016010      72.63      20.66      22.34
2004      02      03      6.22      0.67      6.93      0.97      9.45      0.75      9.27      9.26      25.32      0.014623      68.44      19.21      21.82
2004      02      04      3.47      0.37      6.75      1.04      9.04      0.73      9.41      9.29      24.99      0.015530      74.13      20.16      21.49
2004      02      05      3.65      0.39      6.66      1.07      8.81      0.71      10.02     9.32      25.23      0.015598      73.43      20.24      21.73
2004      02      06      5.83      0.62      6.96      0.99      9.40      0.74      9.66      9.35      25.91      0.015105      68.32      19.75      22.41
2004      02      07      6.23      0.66      7.03      0.97      9.51      0.75      9.11      9.37      25.12      0.014515      68.80      19.10      21.62
2004      02      08      5.45      0.58      6.92      1.02      9.24      0.74      9.43      9.40      24.82      0.015923      76.94      20.58      21.32
2004      02      09      4.67      0.50      6.83      1.06      9.01      0.72      9.67      9.43      24.39      0.016212      80.45      20.86      20.89
2004      02      10      5.47      0.58      7.06      0.99      9.45      0.75      9.51      9.46      25.07      0.014221      67.66      18.79      21.57
2004      02      11      7.04      0.74      7.17      0.96      9.65      0.76      8.93      9.48      25.94      0.013400      60.50      17.84      22.44
2004      02      12      5.46      0.57      7.10      1.00      9.46      0.75      9.82      9.51      26.63      0.014990      65.04      19.65      23.13
2004      02      13      5.57      0.58      7.05      1.03      9.32      0.74      9.34      9.54      25.51      0.015027      69.68      19.68      22.01
2004      02      14      6.51      0.68      7.19      0.99      9.57      0.75      9.25      9.57      26.50      0.014249      62.26      18.83      23.00
2004      02      15      6.07      0.63      7.17      1.00      9.49      0.75      9.40      9.59      26.18      0.015186      67.58      19.84      22.68
2004      02      16      6.28      0.65      7.19      1.01      9.49      0.75      9.41      9.62      25.59      0.016015      73.83      20.67      22.09
2004      02      17      5.44      0.56      7.22      1.01      9.51      0.75      9.63      9.65      24.81      0.016538      80.00      21.18      21.31
2004      02      18      6.08      0.63      7.15      1.04      9.33      0.74      9.51      9.68      26.28      0.015518      68.70      20.20      22.78
2004      02      19      5.59      0.58      7.09      1.07      9.18      0.73      9.49      9.70      25.70      0.015154      69.37      19.79      22.20
2004      02      20      5.45      0.56      7.16      1.06      9.28      0.74      9.58      9.73      25.80      0.015066      68.54      19.70      22.30
2004      02      21      5.68      0.58      7.17      1.06      9.26      0.73      9.49      9.76      25.74      0.014490      66.18      19.08      22.24
2004      02      22      5.85      0.60      7.18      1.07      9.25      0.73      9.80      9.78      25.74      0.014568      66.61      19.19      22.24
2004      02      23      5.86      0.60      7.15      1.09      9.15      0.73      9.66      9.81      24.60      0.014647      71.69      19.25      21.10
2004      02      24      5.31      0.54      7.25      1.06      9.32      0.74      9.49      9.83      25.36      0.014205      66.32      18.75      21.86
2004      02      25      6.62      0.67      7.24      1.08      9.26      0.73      9.14      9.86      25.97      0.014311      64.36      18.86      22.47
2004      02      26      6.44      0.65      7.27      1.08      9.29      0.74      9.44      9.89      26.74      0.015172      65.25      19.81      23.24
2004      02      27      6.89      0.70      7.36      1.05      9.44      0.74      9.22      9.91      26.55      0.015557      67.68      20.22      23.05
2004      02      28      5.46      0.55      7.11      1.14      8.91      0.72      9.76      9.94      25.64      0.016653      76.45      21.27      22.14
2004      02      29      3.09      0.31      7.13      1.14      8.92      0.72     10.19      9.96      25.61      0.016653      76.60      21.28      22.11
2004      03      01      5.37      0.54      7.39      1.07      9.40      0.74      9.71      9.98      25.33      0.015797      73.92      20.44      21.83
2004      03      02      5.69      0.57      7.63      0.99      9.84      0.76      9.47      10.01      25.60     0.014906      68.75      19.55      22.10
2004      03      03      6.04      0.60      7.50      1.05      9.55      0.75      9.48      10.03      25.79     0.015711      71.60      20.38      22.29
2004      03      04      4.74      0.47      7.55      1.04      9.62      0.75      9.80      10.05      24.84     0.016183      78.03      20.82      21.34
2004      03      05      6.06      0.60      7.46      1.08      9.41      0.74      9.60      10.08      24.45     0.016522      81.66      21.15      20.95
2004      03      06      6.51      0.64      7.40      1.11      9.26      0.73      9.68      10.10      25.33     0.015007      70.36      19.66      21.83
2004      03      07      6.81      0.67      7.39      1.12      9.22      0.73      9.73      10.12      24.92     0.013753      66.05      18.27      21.42
2004      03      08      6.35      0.63      7.55      1.07      9.50      0.74      9.37      10.14      25.26     0.014607      68.66      19.21      21.76
2004      03      09      5.68      0.56      7.34      1.15      9.07      0.72      9.62      10.16      25.99     0.016056      72.21      20.71      22.49
2004      03      10      6.22      0.61      7.56      1.08      9.46      0.74      9.76      10.18      26.19     0.016819      74.75      21.45      22.69
2004      03      11      6.17      0.60      7.62      1.07      9.56      0.75      9.68      10.20      26.12     0.016121      71.93      20.77      22.62
2004      03      12      5.71      0.56      7.53      1.11      9.35      0.74      9.53      10.22      25.51     0.015367      71.04      19.99      22.01
2004      03      13      6.55      0.64      7.70      1.06      9.66      0.75      9.48      10.24      25.61     0.015354      70.52      19.97      22.11
2004      03      14      6.12      0.60      7.71      1.06      9.65      0.75      9.57      10.26      26.15     0.016237      72.31      20.89      22.65
2004      03      15      6.39      0.62      7.77      1.04      9.75      0.76      9.41      10.27      25.51     0.014670      67.87      19.26      22.01
2004      03      16      6.74      0.66      7.67      1.08      9.53      0.75      9.27      10.29      25.55     0.015626      72.08      20.26      22.05
2004      03      17      5.85      0.57      7.57      1.12      9.32      0.73      10.12     10.31      26.24     0.015967      70.64      20.60      22.74
2004      03      18      6.72      0.65      7.85      1.03      9.84      0.76      9.33      10.32      26.05     0.014672      65.64      19.25      22.55
2004      03      19      7.22      0.70      7.83      1.05      9.78      0.76      9.31      10.34      25.43     0.015023      69.80      19.63      21.93
2004      03      20      6.22      0.60      7.82      1.05      9.74      0.76      9.39      10.35      23.93     0.015661      79.60      20.24      20.43
2004      03      21      6.08      0.59      7.80      1.07      9.68      0.75      9.39      10.37      25.16     0.015249      71.97      19.86      21.66
2004      03      22      5.96      0.57      7.78      1.08      9.62      0.75      9.63      10.38      25.12     0.015131      71.55      19.72      21.62
2004      03      23      5.98      0.58      7.71      1.11      9.47      0.74      9.57      10.40      25.41     0.015632      72.67      20.25      21.91
2004      03      24      5.53      0.53      7.66      1.13      9.36      0.74      9.60      10.41      25.20     0.016078      75.77      20.71      21.70
2004      03      25      5.33      0.51      7.76      1.10      9.53      0.74      10.05     10.42      24.48     0.015677      77.11      20.28      20.98
2004      03      26      5.85      0.56      7.68      1.13      9.37      0.74      9.69      10.43      24.40     0.015138      74.78      19.72      20.90
2004      03      27      6.47      0.62      7.87      1.07      9.71      0.75      9.57      10.45      25.33     0.014263      66.63      18.80      21.83
2004      03      28      7.09      0.68      7.91      1.06      9.78      0.76      9.26      10.46      24.59     0.014820      72.40      19.40      21.09
2004      03      29      5.52      0.53      7.55      1.19      9.08      0.72      9.49      10.47      23.44     0.016294      85.38      20.86      19.94
2004      03      30      5.40      0.52      7.54      1.19      9.05      0.72      9.68      10.48      23.85     0.016484      84.33      21.07      20.35
2004      03      31      5.72      0.55      7.60      1.18      9.15      0.72      9.43      10.49      25.15     0.016331      77.20      20.95      21.65
2004      04      01      5.32      0.51      7.68      1.15      9.29      0.73      9.61      10.49      24.74     0.017743      86.02      22.26      21.24
2004      04      02      5.62      0.54      7.24      1.28      8.48      0.69      10.13           10.50      25.03      0.017577      83.70      22.11      21.53
2004      04      03      5.16      0.49      7.64      1.17      9.20      0.73      9.86      10.51      25.04      0.017078      81.31      21.66      21.54
